1 14 14

6.248975 0.889600 19.420836

1.520800 1.636200 3.860000

721.530000 0.000000 609.550000 
0.000000 721.530000 172.850000 
0.000000 0.000000 1.000000 

795.540050 221.825287
910.043196 211.401862
908.308300 211.401862
795.540050 221.825287
762.577023 210.175577
887.489546 168.481879
762.577023 210.788720
911.778092 211.401862
831.972869 190.555013
797.274946 189.941871
837.177558 172.160735
825.033285 172.160735
887.489546 168.481879
887.489546 168.481879

0.336926 0.017588 0.306394 0.035700 0.281191 0.004273 0.103029 0.003048 0.348654 0.006412 0.314922 0.044201 0.358774 0.020487 

5.020074 1.541439 18.602811
4.868425 1.541568 20.160324
7.477977 1.438912 18.873251
7.335388 1.425293 20.304581
4.306181 0.991783 18.754802
4.184514 0.992213 19.892967
8.119595 0.793623 19.126953
8.018010 0.788236 20.172958
5.750718 0.527027 18.620780
5.593577 0.524829 20.249601
5.973948 0.040248 18.937647
5.877839 0.040550 19.969313
7.178518 0.021760 19.078037
7.100582 0.020768 20.038465


0.030034 0.077504 0.044472 0.048659 0.072782 -0.046306 0.022460 -0.066208 0.046766 0.038152 -0.070062 -0.033828 0.001668 0.118032 0.023504 0.015447 0.115267 -0.043457 -0.012135 -0.104694 0.029685 -0.000629 -0.107527 -0.027671 -0.029145 0.033881 0.037079 -0.010050 0.028975 -0.056543 -0.053370 0.018902 0.015279 -0.041199 0.015599 -0.043945 -0.054633 -0.048499 0.016880 -0.043468 -0.052218 -0.037778 
0.003307 -0.020659 0.030365 0.011011 -0.017233 -0.021779 -0.001474 -0.012646 -0.049315 -0.022419 0.015556 0.051114 -0.027350 0.114043 0.082900 0.010496 0.101499 -0.097419 0.019939 0.065056 -0.066551 -0.003464 0.083033 0.056542 -0.021117 -0.080949 0.024763 -0.012149 -0.083473 -0.016742 -0.004764 -0.082462 0.025840 0.003387 -0.085818 -0.010739 0.045185 -0.006561 -0.011622 0.037452 -0.003071 0.035360 
0.050746 0.021441 -0.032730 0.033983 0.044794 0.053275 0.033169 0.024769 -0.003408 0.031309 0.019369 0.020248 0.003688 0.017037 -0.034643 -0.008455 0.015375 0.024839 0.002181 0.107270 0.007550 0.007509 0.098476 -0.013010 0.000953 0.022339 -0.036127 -0.009377 0.034609 0.026215 -0.036541 -0.015428 -0.006894 -0.032511 -0.012575 -0.017034 -0.048409 -0.183653 0.011811 -0.041529 -0.189044 -0.011516 
-0.076912 0.002579 -0.103260 -0.109233 0.004777 0.046088 -0.078265 0.002024 0.050016 -0.050852 0.004763 -0.085893 0.009922 0.055077 0.027815 0.019806 0.036676 -0.023273 -0.044664 0.021095 0.097990 -0.013964 0.010568 -0.097725 0.040495 -0.002223 0.016371 0.038419 -0.000868 0.003483 0.077647 -0.076947 0.053724 0.085285 -0.063120 0.012218 0.070734 -0.012811 0.027585 0.069167 0.004888 0.007186 
-0.021271 -0.126118 -0.027251 -0.035519 -0.121628 0.021901 -0.005528 -0.028002 -0.023060 -0.011463 0.017901 0.025877 -0.015530 0.034912 0.045228 0.007311 0.029028 -0.058639 -0.008938 -0.037335 0.010178 -0.006026 -0.022052 -0.011104 -0.012397 0.091273 0.011691 -0.005457 0.077561 -0.028245 0.017642 0.110257 -0.020774 0.009620 0.096869 0.017949 0.051108 -0.063130 -0.071062 0.020300 -0.053726 0.093421 

0.250000 0.270000 0.010000 -0.080000 -0.050000 

0.999950 0.000000 -0.010050 -0.000000 1.000000 0.000000 0.010050 -0.000000 0.999950 

-0.201651 -0.059484 -0.026493 